0, 0.54, -96.09611308254443
1, 0.55, -96.28357560846918
2, 0.56, -96.46206009687234
3, 0.57, -96.63206108816128
4, 0.58, -96.79404032902207
5, 0.59, -96.94842954379622
6, 0.6, -97.09563286252597
7, 0.61, -97.23602903694525
8, 0.62, -97.36997338882479
9, 0.63, -97.49779956256104
10, 0.64, -97.61982114216293
11, 0.65, -97.73633307527889
12, 0.66, -97.84761297941624
13, 0.67, -97.9539223339592
14, 0.68, -98.05550758180104
15, 0.69, -98.15260112250641
16, 0.7, -98.24542223073671
17, 0.71, -98.33417791474491
18, 0.72, -98.41906369914925
19, 0.73, -98.50026435849364
20, 0.74, -98.57795458841242
21, 0.75, -98.65229963716043
22, 0.76, -98.72345588195657
23, 0.77, -98.79157139019777
24, 0.78, -98.85678641882144
25, 0.79, -98.9192338801942
26, 0.8, -98.97903978871707
27, 0.81, -99.03632367737512
28, 0.82, -99.09119896997566
29, 0.83, -99.14377335071418
30, 0.84, -99.19414909248597
31, 0.85, -99.24242336425931
32, 0.86, -99.28868853537067
33, 0.87, -99.33303244364107
34, 0.88, -99.37553863724933
35, 0.89, -99.41628662758593
36, 0.9, -99.45535210717051
37, 0.91, -99.49280715855838
38, 0.92, -99.5287204514556
39, 0.93, -99.56315741662097
40, 0.94, -99.5961804316762
41, 0.95, -99.62784896929436
42, 0.96, -99.65821975946622
43, 0.97, -99.68734691924674
44, 0.98, -99.71528209759545
45, 0.99, -99.7420745935883
46, 1.0, -99.7677714804883
47, 1.01, -99.7924177081639
48, 1.02, -99.8160562308658
49, 1.03, -99.83872805900447
50, 1.04, -99.86047241948108
51, 1.05, -99.88132678310258
52, 1.06, -99.90132698344884
53, 1.07, -99.92050728169215
54, 1.08, -99.93890045126585
55, 1.09, -99.95653784379147
56, 1.1, -99.97344944677195
57, 1.11, -99.98966397444198
58, 1.12, -100.0052088900859
59, 1.13, -100.02011050089952
60, 1.14, -100.03439398355597
61, 1.15, -100.04808345704835
62, 1.16, -100.06120202067366
63, 1.17, -100.07377180356139
64, 1.18, -100.0858140087922
65, 1.19, -100.09734895133646
66, 1.2, -100.10839611631818
67, 1.21, -100.11897416682399
68, 1.22, -100.1291010121672
69, 1.23, -100.13879381929216
70, 1.24, -100.14806905824773
71, 1.25, -100.15694253074776
72, 1.26, -100.16542939337862
73, 1.27, -100.17354420184603
74, 1.28, -100.18130091983456
75, 1.29, -100.18871295170709
76, 1.3, -100.19579317744186
77, 1.31, -100.20255395948594
78, 1.32, -100.20900717299114
79, 1.33, -100.21516423053002
80, 1.34, -100.22103609575942
81, 1.35, -100.22663330395451
82, 1.36, -100.2319659783519
83, 1.37, -100.23704386070237
84, 1.38, -100.2418763083852
85, 1.39, -100.24647232085832
86, 1.4, -100.25084056007493
87, 1.41, -100.25498934500473
88, 1.42, -100.25892669709181
89, 1.43, -100.26266031652915
90, 1.44, -100.266197626725
91, 1.45, -100.26954576022774
92, 1.46, -100.27271159931256
93, 1.47, -100.27570174776275
94, 1.48, -100.27852258573118
95, 1.49, -100.28118024382651
96, 1.5, -100.28368062763279
97, 1.51, -100.28602943262338
98, 1.52, -100.28823213459687
99, 1.53, -100.29029401981676
100, 1.54, -100.29222017298207
101, 1.55, -100.29401550244226
102, 1.56, -100.2956847333968
103, 1.57, -100.29723242008039
104, 1.58, -100.29866295543418
105, 1.59, -100.29998057377347
106, 1.6, -100.30118936400895
107, 1.61, -100.30229325717058
108, 1.62, -100.30329605136322
109, 1.63, -100.304201417433
110, 1.64, -100.3050128816919
111, 1.65, -100.3057338563228
112, 1.66, -100.30636763220703
113, 1.67, -100.3069173835565
114, 1.68, -100.30738617470502
115, 1.69, -100.30777696189745
116, 1.7, -100.30809260640176
117, 1.71, -100.30833585434445
118, 1.72, -100.30850937461346
119, 1.76, -100.30855623920576
120, 1.8, -100.30767786479267
121, 1.84, -100.30600584739815
122, 1.88, -100.30365495540093
123, 1.92, -100.30072542047868
124, 1.96, -100.29730489425658
125, 2.0, -100.29347011191716
126, 2.04, -100.28928833306043
127, 2.08, -100.28481854475721
128, 2.12, -100.28011252214405
129, 2.16, -100.27521573702184
130, 2.2, -100.2701681166702
131, 2.24, -100.26500474088574
132, 2.28, -100.25975641285352
133, 2.32, -100.25445019645522
134, 2.36, -100.24910986229587
135, 2.4, -100.24375630749996
136, 2.44, -100.23840790430239
137, 2.48, -100.23308084763366
138, 2.52, -100.22778942378207
139, 2.56, -100.22254628340065
140, 2.6, -100.21736265121585
141, 2.64, -100.21224853877915
142, 2.68, -100.20721290685833
143, 2.72, -100.20226379983147
144, 2.76, -100.19740848128299
145, 2.8, -100.19265351433295
146, 2.84, -100.1880048309007
147, 2.88, -100.18346778697243
148, 2.92, -100.17904718592597
149, 2.96, -100.17474731782293
150, 3.0, -100.17057192973937
151, 3.04, -100.16652425214657
152, 3.08, -100.16260697771628
153, 3.12, -100.15882225985526
154, 3.16, -100.15517169432304
155, 3.2, -100.15165633657318
156, 3.24, -100.14827668485201
157, 3.28, -100.14503270927422
158, 3.32, -100.14192384626443
159, 3.36, -100.13894905238823
160, 3.4, -100.1361068009995
161, 3.44, -100.13339513384268
162, 3.48, -100.13081168896575
163, 3.52, -100.12835375866673
164, 3.56, -100.12601830147283
165, 3.6, -100.12380201146419
166, 3.64, -100.12170134269878
167, 3.68, -100.11971256312972
168, 3.72, -100.11783179533218
169, 3.76, -100.11605503354998
170, 3.8, -100.11437821776144
171, 3.84, -100.1127972236558
172, 3.88, -100.11130793092087
173, 3.92, -100.10990622564206
174, 3.96, -100.108588031203
175, 4.0, -100.10734932987337
176, 4.04, -100.10618618970618
177, 4.08, -100.1050947544555
178, 4.12, -100.1040712824251
179, 4.16, -100.10311215100259
180, 4.2, -100.10221384395261
181, 4.24, -100.10137298152867
182, 4.28, -100.10058630905135
183, 4.32, -100.09985071042529
184, 4.36, -100.09916320169133
185, 4.4, -100.09852093238713
186, 4.44, -100.0979211813034
187, 4.48, -100.09736136827287
188, 4.52, -100.09683903223073
189, 4.56, -100.09635183847071
190, 4.6, -100.09589758299595
191, 4.64, -100.09547417322405
192, 4.68, -100.0950796350027
193, 4.72, -100.09471210310346
194, 4.76, -100.09436981930877
195, 4.8, -100.09405112718711
196, 4.84, -100.09375446730341
197, 4.88, -100.09347837862435
198, 4.92, -100.09322148434642
199, 4.96, -100.09298249702272
200, 5.0, -100.09276020264457
201, 5.04, -100.09255346568536
202, 5.08, -100.092361234498
203, 5.12, -100.09218251171416
204, 5.16, -100.09201637228955
205, 5.2, -100.09186194308884
206, 5.24, -100.09171842511006
207, 5.28, -100.09158505581381
208, 5.32, -100.09146113494893
209, 5.36, -100.09134600301947
210, 5.4, -100.09123905059425
211, 5.44, -100.0911397011531
212, 5.48, -100.09104743007889
213, 5.52, -100.09096173791323
214, 5.56, -100.09088216472661
215, 5.6, -100.09080828274776
216, 5.64, -100.09073968864232
217, 5.68, -100.09067601239336
218, 5.72, -100.09061690494312
219, 5.76, -100.09056204887179
220, 5.8, -100.0905111395855
221, 5.84, -100.09046390074717
222, 5.88, -100.09042006708415
223, 5.92, -100.09037939990603
224, 5.96, -100.09034167485642
225, 6.0, -100.09030667725027
226, 6.04, -100.09027421439309
227, 6.08, -100.09024410772851
228, 6.12, -100.09021618257778
229, 6.16, -100.09019028175662
230, 6.2, -100.09016626237086
231, 6.24, -100.09014398787595
232, 6.28, -100.0901233278641
233, 6.32, -100.09010416787662
234, 6.36, -100.09008639132651
235, 6.4, -100.09006990295282
236, 6.44, -100.0900546072733
237, 6.48, -100.09004041799375
238, 6.52, -100.09002724855212
239, 6.56, -100.09001502185892
240, 6.6, -100.09000367535936
241, 6.64, -100.08999313588309
242, 6.68, -100.0899833520042
243, 6.72, -100.08997425787439
244, 6.76, -100.08996580813087
245, 6.8, -100.08995795549501
246, 6.84, -100.08995065216332
247, 6.88, -100.08994385675831
248, 6.92, -100.08993753450399
249, 6.96, -100.08993164978281
250, 7.0, -100.08992616606318
251, 7.04, -100.08992105909829
252, 7.08, -100.08991629958403
253, 7.12, -100.08991186299484
254, 7.16, -100.08990772179403
255, 7.2, -100.08990386015604
256, 7.24, -100.08990025273661
257, 7.28, -100.08989688632906
258, 7.32, -100.08989374059118
259, 7.36, -100.08989079819757
260, 7.4, -100.0898880500053
261, 7.44, -100.08988548065732
262, 7.48, -100.08988307784466
263, 7.52, -100.08988082702658
264, 7.56, -100.08987872277437
265, 7.6, -100.08987674903658
266, 7.64, -100.08987490346205
267, 7.68, -100.08987317587282
268, 7.72, -100.08987155332086
269, 7.76, -100.08987003544439
270, 7.8, -100.08986861409015
271, 7.84, -100.089867281038
272, 7.88, -100.08986603274373
273, 7.92, -100.08986486089624
274, 7.96, -100.08986376068323
275, 8.0, -100.08986273191577
276, 8.04, -100.08986176660913
277, 8.08, -100.08986086016893
278, 8.12, -100.0898600128004
279, 8.16, -100.08985921378118
280, 8.2, -100.08985846848103
281, 8.24, -100.08985776846197
282, 8.28, -100.08985711284427
283, 8.32, -100.08985649576948
284, 8.36, -100.08985591952703
285, 8.4, -100.0898553790115
286, 8.44, -100.08985487020848
287, 8.48, -100.08985439422337
288, 8.52, -100.08985394787035
289, 8.56, -100.08985353026591
290, 8.6, -100.08985313890328
291, 8.64, -100.0898527705745
292, 8.68, -100.08985242501272
293, 8.72, -100.08985210158752
294, 8.76, -100.089851797862
295, 8.8, -100.08985151659996
296, 8.84, -100.08985124769286
297, 8.88, -100.08985099946975
298, 8.92, -100.0898507654655
299, 8.96, -100.08985054712696
300, 9.0, -100.08985034132192
301, 9.04, -100.0898501498096
302, 9.08, -100.08984996897314
303, 9.12, -100.08984979759946
304, 9.16, -100.08984963887892
305, 9.2, -100.08984949135623
306, 9.24, -100.08984935220852
307, 9.28, -100.08984921881202
308, 9.32, -100.08984909682906
309, 9.36, -100.08984898362549
310, 9.4, -100.0898488734483